{
 "cells": [
  {
   "cell_type": "code",
   "execution_count": 82,
   "metadata": {},
   "outputs": [
    {
     "ename": "ValueError",
     "evalue": "not enough values to unpack (expected 2, got 1)",
     "output_type": "error",
     "traceback": [
      "\u001b[0;31m---------------------------------------------------------------------------\u001b[0m",
      "\u001b[0;31mValueError\u001b[0m                                Traceback (most recent call last)",
      "Cell \u001b[0;32mIn[82], line 106\u001b[0m\n\u001b[1;32m    103\u001b[0m step_value \u001b[39m=\u001b[39m max_iters\u001b[39m/\u001b[39m\u001b[39m20\u001b[39m\n\u001b[1;32m    104\u001b[0m \u001b[39mfor\u001b[39;00m i \u001b[39min\u001b[39;00m \u001b[39mrange\u001b[39m(\u001b[39m1\u001b[39m, max_iters):\n\u001b[0;32m--> 106\u001b[0m     \u001b[39mfor\u001b[39;00m X,Y \u001b[39min\u001b[39;00m sample_data():\n\u001b[1;32m    107\u001b[0m         logits, loss \u001b[39m=\u001b[39m model(X, Y)\n\u001b[1;32m    108\u001b[0m         optimizer\u001b[39m.\u001b[39mzero_grad(set_to_none\u001b[39m=\u001b[39m\u001b[39mTrue\u001b[39;00m)\n",
      "Cell \u001b[0;32mIn[82], line 50\u001b[0m, in \u001b[0;36msample_data\u001b[0;34m()\u001b[0m\n\u001b[1;32m     48\u001b[0m out \u001b[39m=\u001b[39m []\n\u001b[1;32m     49\u001b[0m \u001b[39mfor\u001b[39;00m X_, Y_ \u001b[39min\u001b[39;00m dataloader:\n\u001b[0;32m---> 50\u001b[0m     a,b \u001b[39m=\u001b[39m X_\u001b[39m.\u001b[39mshape\n\u001b[1;32m     51\u001b[0m     sparsity_mat \u001b[39m=\u001b[39m torch\u001b[39m.\u001b[39mbernoulli(torch\u001b[39m.\u001b[39mfull((a,b), sparsity))\n\u001b[1;32m     52\u001b[0m     X \u001b[39m=\u001b[39m X_\u001b[39m*\u001b[39msparsity_mat\n",
      "\u001b[0;31mValueError\u001b[0m: not enough values to unpack (expected 2, got 1)"
     ]
    }
   ],
   "source": [
    "import torch\n",
    "import torch.nn as nn\n",
    "import torch.nn.functional as F\n",
    "import random\n",
    "import matplotlib.pyplot as plt\n",
    "import time\n",
    "import numpy as np\n",
    "import plotly.express as px\n",
    "from torch.utils.data import DataLoader, TensorDataset\n",
    "\n",
    "\n",
    "def visualise_tensor(data):\n",
    "    data = data.detach().numpy()\n",
    "\n",
    "    ## Create colormap (red to blue)\n",
    "    colormap = 'RdBu_r'\n",
    "    # Plot the matrix\n",
    "    fig = px.imshow(data, color_continuous_scale=colormap, zmin=-1, zmax=1, )\n",
    "    fig.show()\n",
    "    fig.data = ()\n",
    "\n",
    "input_size = 20\n",
    "hidden_layer_size= 5\n",
    "output_size = input_size\n",
    "learning_rate = 0.1\n",
    "max_iters = 100000\n",
    "dataset_size = 1024\n",
    "sparsity = 0.99 # appears only one in 100 times\n",
    "batch_size = 32\n",
    "\n",
    "decay_factor = 0.95\n",
    "iters = []\n",
    "loss_value = []\n",
    "val_loss_value = []\n",
    "\n",
    "imp_vector =torch.tensor([0.7**i for i in range(input_size)])\n",
    "\n",
    "\n",
    "def get_l1_penalty():\n",
    "    l1_penalty = 0\n",
    "    for param in model.parameters():\n",
    "        if param.requires_grad:\n",
    "            l1_penalty += torch.norm(param, p=1)\n",
    "    return l1_penalty\n",
    "\n",
    "def sample_data():\n",
    "    # TODO Implement mini batch\n",
    "    out = []\n",
    "    for X_, Y_ in dataloader:\n",
    "        pr\n",
    "        a,b = X_.shape\n",
    "        sparsity_mat = torch.bernoulli(torch.full((a,b), sparsity))\n",
    "        X = X_*sparsity_mat\n",
    "        out.append([X_,X_])\n",
    "    return out\n",
    "\n",
    "def sample_validation_data():\n",
    "    a,b = validation_dataset.shape\n",
    "    sparsity_mat = torch.bernoulli(torch.full((a,b), sparsity))\n",
    "    X = validation_dataset*sparsity_mat\n",
    "    return X, X\n",
    "\n",
    "\n",
    "def get_loss(target, output):\n",
    "    loss = (imp_vector*((target-output)**2)).mean()\n",
    "    return loss\n",
    "\n",
    "\n",
    "class Model(nn.Module):\n",
    "    def __init__(self):\n",
    "        super().__init__()\n",
    "        self.layer1 = nn.Linear(input_size, hidden_layer_size, bias= False)\n",
    "        self.layer2 = nn.Linear(hidden_layer_size, output_size)\n",
    "        self.relu = nn.ReLU()\n",
    "    \n",
    "    def forward(self, input, targets = None):\n",
    "         # Input is (B,I)\n",
    "\n",
    "        logits = self.layer1(input) # (B, dim)\n",
    "        \n",
    "        #logits = self.layer2(logits)\n",
    "        layer_1_weight = self.layer1.weight.data # (dim, I)\n",
    "        logits = logits @ layer_1_weight # (B, dim) * (dim, I) -> (B,I)\n",
    "        logits += self.layer2.bias\n",
    "\n",
    "        #logits = self.relu(logits)\n",
    "        if targets is None:\n",
    "            return logits\n",
    "        else:\n",
    "            loss = get_loss(targets, logits)\n",
    "            return logits, loss\n",
    "\n",
    "training_dataset = torch.rand(dataset_size, input_size)\n",
    "validation_dataset = torch.rand(int(dataset_size/2), input_size)\n",
    "dataloader = data_loader = DataLoader(TensorDataset(training_dataset, training_dataset), batch_size=batch_size, shuffle=True)\n",
    "output = input\n",
    "\n",
    "\n",
    "model = Model()\n",
    "\n",
    "\n",
    "optimizer = torch.optim.SGD(model.parameters() , learning_rate)\n",
    "start_time = time.time()\n",
    "step_value = max_iters/20\n",
    "for i in range(1, max_iters):\n",
    "\n",
    "    for X,Y in sample_data():\n",
    "        logits, loss = model(X, Y)\n",
    "        optimizer.zero_grad(set_to_none=True)\n",
    "        # loss+= get_l1_penalty()\n",
    "        loss.backward()\n",
    "        optimizer.step()\n",
    "   \n",
    "    if i%step_value ==0 :\n",
    "        model.eval()\n",
    "        with torch.no_grad():\n",
    "            X_V,Y_V = sample_validation_data()\n",
    "            _, val_loss = model(X_V, Y_V)\n",
    "            iters.append(i)\n",
    "            loss_value.append(loss.item())\n",
    "            val_loss_value.append(val_loss.item())\n",
    "            print(f\"iter:{i} training loss: {loss.item()}, val loss: {val_loss.item()}\")\n",
    "        model.train()\n",
    "\n",
    "    \n",
    "\n",
    "\n",
    "end_time = time.time()\n",
    "print(f\"Took {end_time-start_time}s for {max_iters} epochs\")\n",
    "\n",
    "plt.xlabel(\"Epochs\")\n",
    "plt.ylabel(\"Loss\")\n",
    "plt.plot(iters,loss_value, color='blue', label=\"Training\")\n",
    "plt.plot(iters, val_loss_value, \"red\", label = \"validation\")\n",
    "plt.legend()\n",
    "plt.show()\n",
    "\n",
    "\n"
   ]
  },
  {
   "cell_type": "code",
   "execution_count": 81,
   "metadata": {},
   "outputs": [
    {
     "data": {
      "application/vnd.plotly.v1+json": {
       "config": {
        "plotlyServerURL": "https://plot.ly"
       },
       "data": [
        {
         "coloraxis": "coloraxis",
         "hovertemplate": "x: %{x}<br>y: %{y}<br>color: %{z}<extra></extra>",
         "name": "0",
         "type": "heatmap",
         "xaxis": "x",
         "yaxis": "y",
         "z": [
          [
           0.9338376522064209,
           -0.09623061865568161,
           -0.12071053683757782,
           -0.030993953347206116,
           0.0073927175253629684,
           0.0749296024441719,
           0.0180624071508646,
           0.03517423942685127,
           0.008457730524241924,
           -0.018458645790815353,
           -0.007528152782469988,
           0.008557173423469067,
           0.00690517108887434,
           0.0011078381212428212,
           0.03238913416862488,
           0.022247878834605217,
           0.01750831864774227,
           -0.024188438430428505,
           0.024122200906276703,
           -0.0025890760589390993
          ],
          [
           -0.09623061865568161,
           0.7128432989120483,
           -0.2137041687965393,
           -0.26000624895095825,
           -0.004007906187325716,
           0.0726034939289093,
           0.0002488668542355299,
           0.08979557454586029,
           0.003186035668477416,
           -0.024674067273736,
           0.027822310104966164,
           0.0462871789932251,
           0.0050933160819113255,
           -0.056648045778274536,
           -0.025027792900800705,
           0.049409303814172745,
           0.037882693111896515,
           0.026881221681833267,
           -0.043366432189941406,
           -0.004221782088279724
          ],
          [
           -0.12071053683757782,
           -0.2137041687965393,
           0.5547970533370972,
           -0.07702308893203735,
           0.10641975700855255,
           0.11852759122848511,
           0.12226426601409912,
           -0.006561701186001301,
           0.08878907561302185,
           0.008106360211968422,
           -0.02902989834547043,
           0.022484268993139267,
           0.039843395352363586,
           -0.01070188358426094,
           -0.015459490939974785,
           -0.03302816301584244,
           0.06241669878363609,
           -0.007159551605582237,
           0.06124860793352127,
           -0.021944407373666763
          ],
          [
           -0.030993953347206116,
           -0.26000624895095825,
           -0.07702308893203735,
           0.19747276604175568,
           -0.024239275604486465,
           -0.03594832122325897,
           -0.054873786866664886,
           -0.08708216995000839,
           -0.02187703363597393,
           -0.054229117929935455,
           0.048552948981523514,
           -0.026916537433862686,
           -0.05286629870533943,
           0.02141709066927433,
           0.005146462004631758,
           -0.026178520172834396,
           -0.04023559018969536,
           0.03585844486951828,
           -0.0016720453277230263,
           0.06796545535326004
          ],
          [
           0.0073927175253629684,
           -0.004007906187325716,
           0.10641975700855255,
           -0.024239275604486465,
           0.1680966019630432,
           0.01587093435227871,
           0.027869537472724915,
           -0.06209690496325493,
           0.1120515838265419,
           -0.06363686919212341,
           -0.047396186739206314,
           -0.05609165504574776,
           -0.028265472501516342,
           0.017626188695430756,
           0.008693004958331585,
           0.064215749502182,
           0.023519443348050117,
           -0.013567288406193256,
           0.022415269166231155,
           0.05946572497487068
          ],
          [
           0.0749296024441719,
           0.0726034939289093,
           0.11852759122848511,
           -0.03594832122325897,
           0.01587093435227871,
           0.1428990364074707,
           0.030721481889486313,
           -0.016941862180829048,
           0.02498694881796837,
           -0.08125583082437515,
           0.07750114053487778,
           0.04228413850069046,
           -0.02433091215789318,
           -0.0359095074236393,
           -0.020853042602539062,
           -0.029348762705922127,
           0.03380037099123001,
           0.06390324234962463,
           0.014329139143228531,
           0.05552981421351433
          ],
          [
           0.0180624071508646,
           0.0002488668542355299,
           0.12226426601409912,
           -0.054873786866664886,
           0.027869537472724915,
           0.030721481889486313,
           0.036099568009376526,
           0.01710236817598343,
           0.023124799132347107,
           0.013322831131517887,
           -0.01835702545940876,
           0.008632593788206577,
           0.01932738535106182,
           -0.00518406555056572,
           -0.0021867172326892614,
           0.0005075502558611333,
           0.020707830786705017,
           -0.011411325074732304,
           0.01377926580607891,
           -0.01904161088168621
          ],
          [
           0.03517423942685127,
           0.08979557454586029,
           -0.006561701186001301,
           -0.08708216995000839,
           -0.06209690496325493,
           -0.016941862180829048,
           0.01710236817598343,
           0.08020631968975067,
           -0.041023917496204376,
           0.08117427676916122,
           -0.02819487266242504,
           0.030053947120904922,
           0.05119390785694122,
           -0.009473863057792187,
           0.00004579754750011489,
           -0.009640728123486042,
           0.0057482533156871796,
           -0.03278151899576187,
           -0.00739447632804513,
           -0.08103574812412262
          ],
          [
           0.008457730524241924,
           0.003186035668477416,
           0.08878907561302185,
           -0.02187703363597393,
           0.1120515838265419,
           0.02498694881796837,
           0.023124799132347107,
           -0.041023917496204376,
           0.07629226893186569,
           -0.04773074761033058,
           -0.024693651124835014,
           -0.03196815401315689,
           -0.019353670999407768,
           0.00785486213862896,
           0.003442224347963929,
           0.03866824135184288,
           0.0195295512676239,
           -0.0035246440675109625,
           0.016694732010364532,
           0.04243938624858856
          ],
          [
           -0.018458645790815353,
           -0.024674067273736,
           0.008106360211968422,
           -0.054229117929935455,
           -0.06363686919212341,
           -0.08125583082437515,
           0.013322831131517887,
           0.08117427676916122,
           -0.04773074761033058,
           0.12481861561536789,
           -0.06893983483314514,
           0.009549479000270367,
           0.06691356003284454,
           0.010922051034867764,
           0.009882184676826,
           -0.005150964483618736,
           -0.00840644259005785,
           -0.0654997006058693,
           -0.005544320680201054,
           -0.11087556928396225
          ],
          [
           -0.007528152782469988,
           0.027822310104966164,
           -0.02902989834547043,
           0.048552948981523514,
           -0.047396186739206314,
           0.07750114053487778,
           -0.01835702545940876,
           -0.02819487266242504,
           -0.024693651124835014,
           -0.06893983483314514,
           0.09305080026388168,
           0.03410913422703743,
           -0.03662982955574989,
           -0.02520192228257656,
           -0.01757618971168995,
           -0.041542623192071915,
           -0.0007222475833259523,
           0.06890960782766342,
           -0.005560910329222679,
           0.05677800253033638
          ],
          [
           0.008557173423469067,
           0.0462871789932251,
           0.022484268993139267,
           -0.026916537433862686,
           -0.05609165504574776,
           0.04228413850069046,
           0.008632593788206577,
           0.030053947120904922,
           -0.03196815401315689,
           0.009549479000270367,
           0.03410913422703743,
           0.03853588178753853,
           0.012287162244319916,
           -0.02025909163057804,
           -0.010919605381786823,
           -0.03242402896285057,
           0.007205775007605553,
           0.019192975014448166,
           -0.0026271911337971687,
           -0.01715209148824215
          ],
          [
           0.00690517108887434,
           0.0050933160819113255,
           0.039843395352363586,
           -0.05286629870533943,
           -0.028265472501516342,
           -0.02433091215789318,
           0.01932738535106182,
           0.05119390785694122,
           -0.019353670999407768,
           0.06691356003284454,
           -0.03662982955574989,
           0.012287162244319916,
           0.04104726016521454,
           0.000736497575417161,
           0.0030870074406266212,
           -0.0042953710071742535,
           0.004110076930373907,
           -0.034337691962718964,
           0.0008430611924268305,
           -0.0633399710059166
          ],
          [
           0.0011078381212428212,
           -0.056648045778274536,
           -0.01070188358426094,
           0.02141709066927433,
           0.017626188695430756,
           -0.0359095074236393,
           -0.00518406555056572,
           -0.009473863057792187,
           0.00785486213862896,
           0.010922051034867764,
           -0.02520192228257656,
           -0.02025909163057804,
           0.000736497575417161,
           0.014102686196565628,
           0.007987985387444496,
           0.013215877115726471,
           -0.007659597788006067,
           -0.018029749393463135,
           0.001531188259832561,
           -0.003899456700310111
          ],
          [
           0.03238913416862488,
           -0.025027792900800705,
           -0.015459490939974785,
           0.005146462004631758,
           0.008693004958331585,
           -0.020853042602539062,
           -0.0021867172326892614,
           0.00004579754750011489,
           0.003442224347963929,
           0.009882184676826,
           -0.01757618971168995,
           -0.010919605381786823,
           0.0030870074406266212,
           0.007987985387444496,
           0.005960487760603428,
           0.009749909862875938,
           -0.0036845875438302755,
           -0.013701433315873146,
           0.0007172374753281474,
           -0.006401991471648216
          ],
          [
           0.022247878834605217,
           0.049409303814172745,
           -0.03302816301584244,
           -0.026178520172834396,
           0.064215749502182,
           -0.029348762705922127,
           0.0005075502558611333,
           -0.009640728123486042,
           0.03866824135184288,
           -0.005150964483618736,
           -0.041542623192071915,
           -0.03242402896285057,
           -0.0042953710071742535,
           0.013215877115726471,
           0.009749909862875938,
           0.043697331100702286,
           0.0028855614364147186,
           -0.024311192333698273,
           0.0004461811622604728,
           0.00764969177544117
          ],
          [
           0.01750831864774227,
           0.037882693111896515,
           0.06241669878363609,
           -0.04023559018969536,
           0.023519443348050117,
           0.03380037099123001,
           0.020707830786705017,
           0.0057482533156871796,
           0.0195295512676239,
           -0.00840644259005785,
           -0.0007222475833259523,
           0.007205775007605553,
           0.004110076930373907,
           -0.007659597788006067,
           -0.0036845875438302755,
           0.0028855614364147186,
           0.01579921692609787,
           0.0025769758503884077,
           0.00713813491165638,
           0.0014514507493004203
          ],
          [
           -0.024188438430428505,
           0.026881221681833267,
           -0.007159551605582237,
           0.03585844486951828,
           -0.013567288406193256,
           0.06390324234962463,
           -0.011411325074732304,
           -0.03278151899576187,
           -0.0035246440675109625,
           -0.0654997006058693,
           0.06890960782766342,
           0.019192975014448166,
           -0.034337691962718964,
           -0.018029749393463135,
           -0.013701433315873146,
           -0.024311192333698273,
           0.0025769758503884077,
           0.05465932935476303,
           -0.0019259712425991893,
           0.05533900484442711
          ],
          [
           0.024122200906276703,
           -0.043366432189941406,
           0.06124860793352127,
           -0.0016720453277230263,
           0.022415269166231155,
           0.014329139143228531,
           0.01377926580607891,
           -0.00739447632804513,
           0.016694732010364532,
           -0.005544320680201054,
           -0.005560910329222679,
           -0.0026271911337971687,
           0.0008430611924268305,
           0.001531188259832561,
           0.0007172374753281474,
           0.0004461811622604728,
           0.00713813491165638,
           -0.0019259712425991893,
           0.009403012692928314,
           0.0037892176769673824
          ],
          [
           -0.0025890760589390993,
           -0.004221782088279724,
           -0.021944407373666763,
           0.06796545535326004,
           0.05946572497487068,
           0.05552981421351433,
           -0.01904161088168621,
           -0.08103574812412262,
           0.04243938624858856,
           -0.11087556928396225,
           0.05677800253033638,
           -0.01715209148824215,
           -0.0633399710059166,
           -0.003899456700310111,
           -0.006401991471648216,
           0.00764969177544117,
           0.0014514507493004203,
           0.05533900484442711,
           0.0037892176769673824,
           0.1020866334438324
          ]
         ]
        }
       ],
       "layout": {
        "coloraxis": {
         "cmax": 1,
         "cmin": -1,
         "colorscale": [
          [
           0,
           "rgb(5,48,97)"
          ],
          [
           0.1,
           "rgb(33,102,172)"
          ],
          [
           0.2,
           "rgb(67,147,195)"
          ],
          [
           0.3,
           "rgb(146,197,222)"
          ],
          [
           0.4,
           "rgb(209,229,240)"
          ],
          [
           0.5,
           "rgb(247,247,247)"
          ],
          [
           0.6,
           "rgb(253,219,199)"
          ],
          [
           0.7,
           "rgb(244,165,130)"
          ],
          [
           0.8,
           "rgb(214,96,77)"
          ],
          [
           0.9,
           "rgb(178,24,43)"
          ],
          [
           1,
           "rgb(103,0,31)"
          ]
         ]
        },
        "margin": {
         "t": 60
        },
        "template": {
         "data": {
          "bar": [
           {
            "error_x": {
             "color": "#2a3f5f"
            },
            "error_y": {
             "color": "#2a3f5f"
            },
            "marker": {
             "line": {
              "color": "#E5ECF6",
              "width": 0.5
             },
             "pattern": {
              "fillmode": "overlay",
              "size": 10,
              "solidity": 0.2
             }
            },
            "type": "bar"
           }
          ],
          "barpolar": [
           {
            "marker": {
             "line": {
              "color": "#E5ECF6",
              "width": 0.5
             },
             "pattern": {
              "fillmode": "overlay",
              "size": 10,
              "solidity": 0.2
             }
            },
            "type": "barpolar"
           }
          ],
          "carpet": [
           {
            "aaxis": {
             "endlinecolor": "#2a3f5f",
             "gridcolor": "white",
             "linecolor": "white",
             "minorgridcolor": "white",
             "startlinecolor": "#2a3f5f"
            },
            "baxis": {
             "endlinecolor": "#2a3f5f",
             "gridcolor": "white",
             "linecolor": "white",
             "minorgridcolor": "white",
             "startlinecolor": "#2a3f5f"
            },
            "type": "carpet"
           }
          ],
          "choropleth": [
           {
            "colorbar": {
             "outlinewidth": 0,
             "ticks": ""
            },
            "type": "choropleth"
           }
          ],
          "contour": [
           {
            "colorbar": {
             "outlinewidth": 0,
             "ticks": ""
            },
            "colorscale": [
             [
              0,
              "#0d0887"
             ],
             [
              0.1111111111111111,
              "#46039f"
             ],
             [
              0.2222222222222222,
              "#7201a8"
             ],
             [
              0.3333333333333333,
              "#9c179e"
             ],
             [
              0.4444444444444444,
              "#bd3786"
             ],
             [
              0.5555555555555556,
              "#d8576b"
             ],
             [
              0.6666666666666666,
              "#ed7953"
             ],
             [
              0.7777777777777778,
              "#fb9f3a"
             ],
             [
              0.8888888888888888,
              "#fdca26"
             ],
             [
              1,
              "#f0f921"
             ]
            ],
            "type": "contour"
           }
          ],
          "contourcarpet": [
           {
            "colorbar": {
             "outlinewidth": 0,
             "ticks": ""
            },
            "type": "contourcarpet"
           }
          ],
          "heatmap": [
           {
            "colorbar": {
             "outlinewidth": 0,
             "ticks": ""
            },
            "colorscale": [
             [
              0,
              "#0d0887"
             ],
             [
              0.1111111111111111,
              "#46039f"
             ],
             [
              0.2222222222222222,
              "#7201a8"
             ],
             [
              0.3333333333333333,
              "#9c179e"
             ],
             [
              0.4444444444444444,
              "#bd3786"
             ],
             [
              0.5555555555555556,
              "#d8576b"
             ],
             [
              0.6666666666666666,
              "#ed7953"
             ],
             [
              0.7777777777777778,
              "#fb9f3a"
             ],
             [
              0.8888888888888888,
              "#fdca26"
             ],
             [
              1,
              "#f0f921"
             ]
            ],
            "type": "heatmap"
           }
          ],
          "heatmapgl": [
           {
            "colorbar": {
             "outlinewidth": 0,
             "ticks": ""
            },
            "colorscale": [
             [
              0,
              "#0d0887"
             ],
             [
              0.1111111111111111,
              "#46039f"
             ],
             [
              0.2222222222222222,
              "#7201a8"
             ],
             [
              0.3333333333333333,
              "#9c179e"
             ],
             [
              0.4444444444444444,
              "#bd3786"
             ],
             [
              0.5555555555555556,
              "#d8576b"
             ],
             [
              0.6666666666666666,
              "#ed7953"
             ],
             [
              0.7777777777777778,
              "#fb9f3a"
             ],
             [
              0.8888888888888888,
              "#fdca26"
             ],
             [
              1,
              "#f0f921"
             ]
            ],
            "type": "heatmapgl"
           }
          ],
          "histogram": [
           {
            "marker": {
             "pattern": {
              "fillmode": "overlay",
              "size": 10,
              "solidity": 0.2
             }
            },
            "type": "histogram"
           }
          ],
          "histogram2d": [
           {
            "colorbar": {
             "outlinewidth": 0,
             "ticks": ""
            },
            "colorscale": [
             [
              0,
              "#0d0887"
             ],
             [
              0.1111111111111111,
              "#46039f"
             ],
             [
              0.2222222222222222,
              "#7201a8"
             ],
             [
              0.3333333333333333,
              "#9c179e"
             ],
             [
              0.4444444444444444,
              "#bd3786"
             ],
             [
              0.5555555555555556,
              "#d8576b"
             ],
             [
              0.6666666666666666,
              "#ed7953"
             ],
             [
              0.7777777777777778,
              "#fb9f3a"
             ],
             [
              0.8888888888888888,
              "#fdca26"
             ],
             [
              1,
              "#f0f921"
             ]
            ],
            "type": "histogram2d"
           }
          ],
          "histogram2dcontour": [
           {
            "colorbar": {
             "outlinewidth": 0,
             "ticks": ""
            },
            "colorscale": [
             [
              0,
              "#0d0887"
             ],
             [
              0.1111111111111111,
              "#46039f"
             ],
             [
              0.2222222222222222,
              "#7201a8"
             ],
             [
              0.3333333333333333,
              "#9c179e"
             ],
             [
              0.4444444444444444,
              "#bd3786"
             ],
             [
              0.5555555555555556,
              "#d8576b"
             ],
             [
              0.6666666666666666,
              "#ed7953"
             ],
             [
              0.7777777777777778,
              "#fb9f3a"
             ],
             [
              0.8888888888888888,
              "#fdca26"
             ],
             [
              1,
              "#f0f921"
             ]
            ],
            "type": "histogram2dcontour"
           }
          ],
          "mesh3d": [
           {
            "colorbar": {
             "outlinewidth": 0,
             "ticks": ""
            },
            "type": "mesh3d"
           }
          ],
          "parcoords": [
           {
            "line": {
             "colorbar": {
              "outlinewidth": 0,
              "ticks": ""
             }
            },
            "type": "parcoords"
           }
          ],
          "pie": [
           {
            "automargin": true,
            "type": "pie"
           }
          ],
          "scatter": [
           {
            "fillpattern": {
             "fillmode": "overlay",
             "size": 10,
             "solidity": 0.2
            },
            "type": "scatter"
           }
          ],
          "scatter3d": [
           {
            "line": {
             "colorbar": {
              "outlinewidth": 0,
              "ticks": ""
             }
            },
            "marker": {
             "colorbar": {
              "outlinewidth": 0,
              "ticks": ""
             }
            },
            "type": "scatter3d"
           }
          ],
          "scattercarpet": [
           {
            "marker": {
             "colorbar": {
              "outlinewidth": 0,
              "ticks": ""
             }
            },
            "type": "scattercarpet"
           }
          ],
          "scattergeo": [
           {
            "marker": {
             "colorbar": {
              "outlinewidth": 0,
              "ticks": ""
             }
            },
            "type": "scattergeo"
           }
          ],
          "scattergl": [
           {
            "marker": {
             "colorbar": {
              "outlinewidth": 0,
              "ticks": ""
             }
            },
            "type": "scattergl"
           }
          ],
          "scattermapbox": [
           {
            "marker": {
             "colorbar": {
              "outlinewidth": 0,
              "ticks": ""
             }
            },
            "type": "scattermapbox"
           }
          ],
          "scatterpolar": [
           {
            "marker": {
             "colorbar": {
              "outlinewidth": 0,
              "ticks": ""
             }
            },
            "type": "scatterpolar"
           }
          ],
          "scatterpolargl": [
           {
            "marker": {
             "colorbar": {
              "outlinewidth": 0,
              "ticks": ""
             }
            },
            "type": "scatterpolargl"
           }
          ],
          "scatterternary": [
           {
            "marker": {
             "colorbar": {
              "outlinewidth": 0,
              "ticks": ""
             }
            },
            "type": "scatterternary"
           }
          ],
          "surface": [
           {
            "colorbar": {
             "outlinewidth": 0,
             "ticks": ""
            },
            "colorscale": [
             [
              0,
              "#0d0887"
             ],
             [
              0.1111111111111111,
              "#46039f"
             ],
             [
              0.2222222222222222,
              "#7201a8"
             ],
             [
              0.3333333333333333,
              "#9c179e"
             ],
             [
              0.4444444444444444,
              "#bd3786"
             ],
             [
              0.5555555555555556,
              "#d8576b"
             ],
             [
              0.6666666666666666,
              "#ed7953"
             ],
             [
              0.7777777777777778,
              "#fb9f3a"
             ],
             [
              0.8888888888888888,
              "#fdca26"
             ],
             [
              1,
              "#f0f921"
             ]
            ],
            "type": "surface"
           }
          ],
          "table": [
           {
            "cells": {
             "fill": {
              "color": "#EBF0F8"
             },
             "line": {
              "color": "white"
             }
            },
            "header": {
             "fill": {
              "color": "#C8D4E3"
             },
             "line": {
              "color": "white"
             }
            },
            "type": "table"
           }
          ]
         },
         "layout": {
          "annotationdefaults": {
           "arrowcolor": "#2a3f5f",
           "arrowhead": 0,
           "arrowwidth": 1
          },
          "autotypenumbers": "strict",
          "coloraxis": {
           "colorbar": {
            "outlinewidth": 0,
            "ticks": ""
           }
          },
          "colorscale": {
           "diverging": [
            [
             0,
             "#8e0152"
            ],
            [
             0.1,
             "#c51b7d"
            ],
            [
             0.2,
             "#de77ae"
            ],
            [
             0.3,
             "#f1b6da"
            ],
            [
             0.4,
             "#fde0ef"
            ],
            [
             0.5,
             "#f7f7f7"
            ],
            [
             0.6,
             "#e6f5d0"
            ],
            [
             0.7,
             "#b8e186"
            ],
            [
             0.8,
             "#7fbc41"
            ],
            [
             0.9,
             "#4d9221"
            ],
            [
             1,
             "#276419"
            ]
           ],
           "sequential": [
            [
             0,
             "#0d0887"
            ],
            [
             0.1111111111111111,
             "#46039f"
            ],
            [
             0.2222222222222222,
             "#7201a8"
            ],
            [
             0.3333333333333333,
             "#9c179e"
            ],
            [
             0.4444444444444444,
             "#bd3786"
            ],
            [
             0.5555555555555556,
             "#d8576b"
            ],
            [
             0.6666666666666666,
             "#ed7953"
            ],
            [
             0.7777777777777778,
             "#fb9f3a"
            ],
            [
             0.8888888888888888,
             "#fdca26"
            ],
            [
             1,
             "#f0f921"
            ]
           ],
           "sequentialminus": [
            [
             0,
             "#0d0887"
            ],
            [
             0.1111111111111111,
             "#46039f"
            ],
            [
             0.2222222222222222,
             "#7201a8"
            ],
            [
             0.3333333333333333,
             "#9c179e"
            ],
            [
             0.4444444444444444,
             "#bd3786"
            ],
            [
             0.5555555555555556,
             "#d8576b"
            ],
            [
             0.6666666666666666,
             "#ed7953"
            ],
            [
             0.7777777777777778,
             "#fb9f3a"
            ],
            [
             0.8888888888888888,
             "#fdca26"
            ],
            [
             1,
             "#f0f921"
            ]
           ]
          },
          "colorway": [
           "#636efa",
           "#EF553B",
           "#00cc96",
           "#ab63fa",
           "#FFA15A",
           "#19d3f3",
           "#FF6692",
           "#B6E880",
           "#FF97FF",
           "#FECB52"
          ],
          "font": {
           "color": "#2a3f5f"
          },
          "geo": {
           "bgcolor": "white",
           "lakecolor": "white",
           "landcolor": "#E5ECF6",
           "showlakes": true,
           "showland": true,
           "subunitcolor": "white"
          },
          "hoverlabel": {
           "align": "left"
          },
          "hovermode": "closest",
          "mapbox": {
           "style": "light"
          },
          "paper_bgcolor": "white",
          "plot_bgcolor": "#E5ECF6",
          "polar": {
           "angularaxis": {
            "gridcolor": "white",
            "linecolor": "white",
            "ticks": ""
           },
           "bgcolor": "#E5ECF6",
           "radialaxis": {
            "gridcolor": "white",
            "linecolor": "white",
            "ticks": ""
           }
          },
          "scene": {
           "xaxis": {
            "backgroundcolor": "#E5ECF6",
            "gridcolor": "white",
            "gridwidth": 2,
            "linecolor": "white",
            "showbackground": true,
            "ticks": "",
            "zerolinecolor": "white"
           },
           "yaxis": {
            "backgroundcolor": "#E5ECF6",
            "gridcolor": "white",
            "gridwidth": 2,
            "linecolor": "white",
            "showbackground": true,
            "ticks": "",
            "zerolinecolor": "white"
           },
           "zaxis": {
            "backgroundcolor": "#E5ECF6",
            "gridcolor": "white",
            "gridwidth": 2,
            "linecolor": "white",
            "showbackground": true,
            "ticks": "",
            "zerolinecolor": "white"
           }
          },
          "shapedefaults": {
           "line": {
            "color": "#2a3f5f"
           }
          },
          "ternary": {
           "aaxis": {
            "gridcolor": "white",
            "linecolor": "white",
            "ticks": ""
           },
           "baxis": {
            "gridcolor": "white",
            "linecolor": "white",
            "ticks": ""
           },
           "bgcolor": "#E5ECF6",
           "caxis": {
            "gridcolor": "white",
            "linecolor": "white",
            "ticks": ""
           }
          },
          "title": {
           "x": 0.05
          },
          "xaxis": {
           "automargin": true,
           "gridcolor": "white",
           "linecolor": "white",
           "ticks": "",
           "title": {
            "standoff": 15
           },
           "zerolinecolor": "white",
           "zerolinewidth": 2
          },
          "yaxis": {
           "automargin": true,
           "gridcolor": "white",
           "linecolor": "white",
           "ticks": "",
           "title": {
            "standoff": 15
           },
           "zerolinecolor": "white",
           "zerolinewidth": 2
          }
         }
        },
        "xaxis": {
         "anchor": "y",
         "constrain": "domain",
         "domain": [
          0,
