{
 "cells": [
  {
   "cell_type": "code",
   "execution_count": 66,
   "metadata": {},
   "outputs": [
    {
     "name": "stdout",
     "output_type": "stream",
     "text": [
      "iter:15000 training loss: 0.0003155978338327259, val loss: 0.00030334931216202676\n",
      "iter:30000 training loss: 0.0002725335652939975, val loss: 0.0002409634180366993\n",
      "iter:45000 training loss: 0.0002533670049160719, val loss: 0.00030243751825764775\n",
      "iter:60000 training loss: 0.0002789786667563021, val loss: 0.0002511065104044974\n",
      "iter:75000 training loss: 0.0002539022243581712, val loss: 0.00026827564579434693\n",
      "iter:90000 training loss: 0.0002923064457718283, val loss: 0.00026593025540933013\n",
      "iter:105000 training loss: 0.00026889954460784793, val loss: 0.00026642094599083066\n",
      "iter:120000 training loss: 0.00025493904831819236, val loss: 0.00025779198040254414\n",
      "iter:135000 training loss: 0.0002746892278082669, val loss: 0.0002743047080002725\n"
     ]
    },
    {
     "ename": "KeyboardInterrupt",
     "evalue": "",
     "output_type": "error",
     "traceback": [
      "\u001b[0;31m---------------------------------------------------------------------------\u001b[0m",
      "\u001b[0;31mKeyboardInterrupt\u001b[0m                         Traceback (most recent call last)",
      "Cell \u001b[0;32mIn[66], line 121\u001b[0m\n\u001b[1;32m    119\u001b[0m     optimizer\u001b[39m.\u001b[39mzero_grad(set_to_none\u001b[39m=\u001b[39m\u001b[39mTrue\u001b[39;00m)\n\u001b[1;32m    120\u001b[0m     \u001b[39m#loss+= get_l1_penalty()\u001b[39;00m\n\u001b[0;32m--> 121\u001b[0m     loss\u001b[39m.\u001b[39;49mbackward()\n\u001b[1;32m    122\u001b[0m     optimizer\u001b[39m.\u001b[39mstep()\n\u001b[1;32m    125\u001b[0m end_time \u001b[39m=\u001b[39m time\u001b[39m.\u001b[39mtime()\n",
      "File \u001b[0;32m~/Library/Python/3.9/lib/python/site-packages/torch/_tensor.py:488\u001b[0m, in \u001b[0;36mTensor.backward\u001b[0;34m(self, gradient, retain_graph, create_graph, inputs)\u001b[0m\n\u001b[1;32m    478\u001b[0m \u001b[39mif\u001b[39;00m has_torch_function_unary(\u001b[39mself\u001b[39m):\n\u001b[1;32m    479\u001b[0m     \u001b[39mreturn\u001b[39;00m handle_torch_function(\n\u001b[1;32m    480\u001b[0m         Tensor\u001b[39m.\u001b[39mbackward,\n\u001b[1;32m    481\u001b[0m         (\u001b[39mself\u001b[39m,),\n\u001b[0;32m   (...)\u001b[0m\n\u001b[1;32m    486\u001b[0m         inputs\u001b[39m=\u001b[39minputs,\n\u001b[1;32m    487\u001b[0m     )\n\u001b[0;32m--> 488\u001b[0m torch\u001b[39m.\u001b[39;49mautograd\u001b[39m.\u001b[39;49mbackward(\n\u001b[1;32m    489\u001b[0m     \u001b[39mself\u001b[39;49m, gradient, retain_graph, create_graph, inputs\u001b[39m=\u001b[39;49minputs\n\u001b[1;32m    490\u001b[0m )\n",
      "File \u001b[0;32m~/Library/Python/3.9/lib/python/site-packages/torch/autograd/__init__.py:197\u001b[0m, in \u001b[0;36mbackward\u001b[0;34m(tensors, grad_tensors, retain_graph, create_graph, grad_variables, inputs)\u001b[0m\n\u001b[1;32m    192\u001b[0m     retain_graph \u001b[39m=\u001b[39m create_graph\n\u001b[1;32m    194\u001b[0m \u001b[39m# The reason we repeat same the comment below is that\u001b[39;00m\n\u001b[1;32m    195\u001b[0m \u001b[39m# some Python versions print out the first line of a multi-line function\u001b[39;00m\n\u001b[1;32m    196\u001b[0m \u001b[39m# calls in the traceback and some print out the last line\u001b[39;00m\n\u001b[0;32m--> 197\u001b[0m Variable\u001b[39m.\u001b[39;49m_execution_engine\u001b[39m.\u001b[39;49mrun_backward(  \u001b[39m# Calls into the C++ engine to run the backward pass\u001b[39;49;00m\n\u001b[1;32m    198\u001b[0m     tensors, grad_tensors_, retain_graph, create_graph, inputs,\n\u001b[1;32m    199\u001b[0m     allow_unreachable\u001b[39m=\u001b[39;49m\u001b[39mTrue\u001b[39;49;00m, accumulate_grad\u001b[39m=\u001b[39;49m\u001b[39mTrue\u001b[39;49;00m)\n",
      "\u001b[0;31mKeyboardInterrupt\u001b[0m: "
     ]
    }
   ],
   "source": [
    "import torch\n",
    "import torch.nn as nn\n",
    "import torch.nn.functional as F\n",
    "import random\n",
    "import matplotlib.pyplot as plt\n",
    "import time\n",
    "import numpy as np\n",
    "import plotly.express as px\n",
    "\n",
    "\n",
    "def visualise_tensor(data):\n",
    "    data = data.detach().numpy()\n",
    "\n",
    "    ## Create colormap (red to blue)\n",
    "    colormap = 'RdBu_r'\n",
    "    # Plot the matrix\n",
    "    fig = px.imshow(data, color_continuous_scale=colormap, zmin=-1, zmax=1, )\n",
    "    fig.show()\n",
    "    fig.data = ()\n",
    "\n",
    "input_size = 20\n",
    "hidden_layer_size= 5\n",
    "output_size = input_size\n",
    "learning_rate = 0.0001\n",
    "max_iters = 300000\n",
    "dataset_size = 1024*8\n",
    "sparsity = 0.01 # appears only one in 100 times\n",
    "batch_size = 32\n",
    "\n",
    "decay_factor = 0.95\n",
    "iters = []\n",
    "loss_value = []\n",
    "val_loss_value = []\n",
    "\n",
    "imp_vector =torch.tensor([0.9**i for i in range(input_size)])\n",
    "\n",
    "\n",
    "def get_l1_penalty():\n",
    "    l1_penalty = 0\n",
    "    for param in model.parameters():\n",
    "        if param.requires_grad:\n",
    "            l1_penalty += torch.norm(param, p=1)\n",
    "    return l1_penalty\n",
    "\n",
    "def sample_data():\n",
    "    # TODO Implement mini batch\n",
    "    a,b = training_dataset.shape\n",
    "    sparsity_mat = torch.bernoulli(torch.full((a,b), sparsity))\n",
    "    X = training_dataset*sparsity_mat\n",
    "    return X, X\n",
    "\n",
    "def sample_validation_data():\n",
    "    a,b = validation_dataset.shape\n",
    "    sparsity_mat = torch.bernoulli(torch.full((a,b), sparsity))\n",
    "    X = validation_dataset*sparsity_mat\n",
    "    return X, X\n",
    "\n",
    "\n",
    "def get_loss(target, output):\n",
    "    loss = (imp_vector*((target-output)**2)).mean()\n",
    "    return loss\n",
    "\n",
    "\n",
    "class Model(nn.Module):\n",
    "    def __init__(self):\n",
    "        super().__init__()\n",
    "        self.layer1 = nn.Linear(input_size, hidden_layer_size, bias= False)\n",
    "        self.layer2 = nn.Linear(hidden_layer_size, output_size)\n",
    "        self.relu = nn.ReLU()\n",
    "    \n",
    "    def forward(self, input, targets = None):\n",
    "         # Input is (B,I)\n",
    "        logits = self.layer1(input) # (B, dim)\n",
    "        \n",
    "        #logits = self.layer2(logits)\n",
    "        layer_1_weight = self.layer1.weight.data # (dim, I)\n",
    "        logits = logits @ layer_1_weight # (B, dim) * (dim, I) -> (B,I)\n",
    "        logits += self.layer2.bias\n",
    "\n",
    "        logits = self.relu(logits)\n",
    "        if targets is None:\n",
    "            return logits\n",
    "        else:\n",
    "            loss = get_loss(targets, logits)\n",
    "            return logits, loss\n",
    "\n",
    "training_dataset = torch.rand(dataset_size, input_size)\n",
    "validation_dataset = torch.rand(int(dataset_size/2), input_size)\n",
    "output = input\n",
    "\n",
    "\n",
    "model = Model()\n",
    "\n",
    "LOAD_MODEL = False\n",
    "PATH = \"../models/basic_linear_0.99.bin\"\n",
    "if LOAD_MODEL:\n",
    "    model = Model()\n",
    "    model.load_state_dict(torch.load(PATH))\n",
    "    model.eval()\n",
    "else:\n",
    "    optimizer = torch.optim.Adam(model.parameters() , learning_rate, weight_decay= 1e-5)\n",
    "    start_time = time.time()\n",
    "    step_value = max_iters/20\n",
    "    for i in range(1, max_iters):\n",
    "        X, Y = sample_data()\n",
    "        logits, loss = model(X, Y)\n",
    "    \n",
    "        if i%step_value ==0 :\n",
    "            model.eval()\n",
    "            with torch.no_grad():\n",
    "                X_V,Y_V = sample_validation_data()\n",
    "                _, val_loss = model(X_V, Y_V)\n",
    "                iters.append(i)\n",
    "                loss_value.append(loss.item())\n",
    "                val_loss_value.append(val_loss.item())\n",
    "                print(f\"iter:{i} training loss: {loss.item()}, val loss: {val_loss.item()}\")\n",
    "            model.train()\n",
    "\n",
    "        optimizer.zero_grad(set_to_none=True)\n",
    "        #loss+= get_l1_penalty()\n",
    "        loss.backward()\n",
    "        optimizer.step()\n",
    "\n",
    "\n",
    "    end_time = time.time()\n",
    "    print(f\"Took {end_time-start_time}s for {max_iters} epochs\")\n",
    "\n",
    "    plt.xlabel(\"Epochs\")\n",
    "    plt.ylabel(\"Loss\")\n",
    "    plt.plot(iters,loss_value, color='blue', label=\"Training\")\n",
    "    plt.plot(iters, val_loss_value, \"red\", label = \"validation\")\n",
    "    plt.legend()\n",
    "    plt.show()\n",
    "\n",
    "\n"
   ]
  },
  {
   "cell_type": "code",
   "execution_count": 67,
   "metadata": {},
   "outputs": [
    {
     "data": {
      "application/vnd.plotly.v1+json": {
       "config": {
        "plotlyServerURL": "https://plot.ly"
       },
       "data": [
        {
         "coloraxis": "coloraxis",
         "hovertemplate": "x: %{x}<br>y: %{y}<br>color: %{z}<extra></extra>",
         "name": "0",
         "type": "heatmap",
         "xaxis": "x",
         "yaxis": "y",
         "z": [
          [
           1.2098817825317383,
           0.20935076475143433,
           0.1970561146736145,
           0.0014620816800743341,
           0.20523607730865479,
           -0.0006163200596347451,
           0.1895226687192917,
           0.21682684123516083,
           0.2107362598180771,
           -0.7577255368232727,
           -0.8634229302406311,
           0.21352218091487885,
           -0.4219914674758911,
           -0.5212777853012085,
           -0.47579634189605713,
           -0.4171174466609955,
           0.18066397309303284,
           0.16492845118045807,
           -0.41001448035240173,
           -0.3800928592681885
          ],
          [
           0.20935076475143433,
           1.2316784858703613,
           -1.0038495063781738,
           -0.0026975302025675774,
           0.2548290491104126,
           0.0015487506752833724,
           0.2259887307882309,
           0.2588772773742676,
           0.2725585401058197,
           -0.6388416290283203,
           0.2604985535144806,
           -0.39902862906455994,
           0.27472853660583496,
           -0.3727075457572937,
           -0.3997993469238281,
           -0.35456058382987976,
           -0.47091439366340637,
           -0.4344276785850525,
           0.2180386781692505,
           0.19705209136009216
          ],
          [
           0.1970561146736145,
           -1.0038495063781738,
           1.2117512226104736,
           0.00004586043723975308,
           0.2752482295036316,
           0.00016160801169462502,
           -0.39534127712249756,
           0.25470083951950073,
           -0.666067898273468,
           0.04023197293281555,
           -0.2675224840641022,
           0.30018264055252075,
           -0.4579315781593323,
           0.29847192764282227,
           0.2518436908721924,
           0.22757534682750702,
           0.26221415400505066,
           0.24232223629951477,
           -0.470405250787735,
           -0.43159136176109314
          ],
          [
           0.0014620816800743341,
           -0.0026975302025675774,
           0.00004586043723975308,
           0.9621044397354126,
           0.0007599074160680175,
           -0.9549071192741394,
           0.0024016054812818766,
           -0.0009053395478986204,
           0.0002766032703220844,
           -0.00037075974978506565,
           -0.0011142902076244354,
           -0.00014741155609954149,
           0.0006910284864716232,
           -0.001894816174171865,
           0.0007956087938509881,
           0.0005200278828851879,
           0.000637610093690455,
           0.0008463578997179866,
           -0.00008325103408424184,
           -0.00016984966350719333
          ],
          [
           0.20523607730865479,
           0.2548290491104126,
           0.2752482295036316,
           0.0007599074160680175,
           1.1795474290847778,
           -0.00045806888374499977,
           0.2677179276943207,
           0.28247642517089844,
           -0.8692440986633301,
           -0.7386624813079834,
           0.2932780385017395,
           -0.7437888979911804,
           -0.5869193077087402,
           -0.1742103397846222,
           0.25212228298187256,
           0.2307828962802887,
           -0.29805201292037964,
           -0.2733573019504547,
           -0.1787227988243103,
           -0.1644914746284485
          ],
          [
           -0.0006163200596347451,
           0.0015487506752833724,
           0.00016160801169462502,
           -0.9549071192741394,
           -0.00045806888374499977,
           0.9477785229682922,
           0.001266244682483375,
           -0.002710760571062565,
           0.0006348610040731728,
           0.0010166906286031008,
           -0.0007350355153903365,
           -0.0012332330225035548,
           -0.003063289215788245,
           0.00016734311066102237,
           0.00043564895167946815,
           0.0005752972792834044,
           0.0011441061506047845,
           0.0007956426707096398,
           0.00040338115650229156,
           0.00048024291754700243
          ],
          [
           0.1895226687192917,
           0.2259887307882309,
           -0.39534127712249756,
           0.0024016054812818766,
           0.2677179276943207,
           0.001266244682483375,
           1.1348985433578491,
           -0.9139965772628784,
           0.282297819852829,
           -0.06371745467185974,
           -0.2689891457557678,
           -0.6593948006629944,
           -0.5443029999732971,
           -0.5998836755752563,
           0.25115102529525757,
           0.22404302656650543,
           0.24520540237426758,
           0.22555036842823029,
           0.2280665636062622,
           0.21330046653747559
          ],
          [
           0.21682684123516083,
           0.2588772773742676,
           0.25470083951950073,
           -0.0009053395478986204,
           0.28247642517089844,
           -0.002710760571062565,
           -0.9139965772628784,
           1.1222643852233887,
           -0.47134360671043396,
           -0.5527644157409668,
           0.2505720555782318,
           0.31506410241127014,
           0.30373483896255493,
           0.3068161904811859,
           -0.3726021349430084,
           -0.3280318081378937,
           -0.4399332106113434,
           -0.40500643849372864,
           -0.3206014335155487,
           -0.3000272512435913
          ],
          [
           0.2107362598180771,
           0.2725585401058197,
           -0.666067898273468,
           0.0002766032703220844,
           -0.8692440986633301,
           0.0006348610040731728,
           0.282297819852829,
           -0.47134360671043396,
           1.0388588905334473,
           0.2967548668384552,
           -0.4806042015552521,
           0.3692478835582733,
           0.3339257836341858,
           -0.2895607650279999,
           -0.36837249994277954,
           -0.3317939043045044,
           0.26121968030929565,
           0.23887355625629425,
           0.2263852208852768,
           0.20789586007595062
          ],
          [
           -0.7577255368232727,
           -0.6388416290283203,
           0.04023197293281555,
           -0.00037075974978506565,
           -0.7386624813079834,
           0.0010166906286031008,
           -0.06371745467185974,
           -0.5527644157409668,
           0.2967548668384552,
           0.9834609627723694,
           0.1368783414363861,
           0.26893338561058044,
           0.29218512773513794,
           0.35865461826324463,
           0.3178243637084961,
           0.27602317929267883,
           0.2866608202457428,
           0.2643783688545227,
           0.27109330892562866,
           0.2529873549938202
          ],
          [
           -0.8634229302406311,
           0.2604985535144806,
           -0.2675224840641022,
           -0.0011142902076244354,
           0.2932780385017395,
           -0.0007350355153903365,
           -0.2689891457557678,
           0.2505720555782318,
           -0.4806042015552521,
           0.1368783414363861,
           0.9452438354492188,
           -0.40587377548217773,
           0.33934518694877625,
           0.3835022449493408,
           0.28128936886787415,
           0.24799752235412598,
           -0.4665992856025696,
           -0.4282993674278259,
           0.2676681578159332,
           0.24650083482265472
          ],
          [
           0.21352218091487885,
           -0.39902862906455994,
           0.30018264055252075,
           -0.00014741155609954149,
           -0.7437888979911804,
           -0.0012332330225035548,
           -0.6593948006629944,
           0.31506410241127014,
           0.3692478835582733,
           0.26893338561058044,
           -0.40587377548217773,
           0.8769927024841309,
           0.370840460062027,
           0.2552834451198578,
           -0.36223793029785156,
           -0.3239871859550476,
           0.202159121632576,
           0.18527862429618835,
           -0.20626774430274963,
           -0.19181250035762787
          ],
          [
           -0.4219914674758911,
           0.27472853660583496,
           -0.4579315781593323,
           0.0006910284864716232,
           -0.5869193077087402,
           -0.003063289215788245,
           -0.5443029999732971,
           0.30373483896255493,
           0.3339257836341858,
           0.29218512773513794,
           0.33934518694877625,
           0.370840460062027,
           0.7297531366348267,
           0.3104652166366577,
           -0.2581482529640198,
           -0.2340857982635498,
           -0.22614610195159912,
           -0.20857790112495422,
           0.1983150839805603,
           0.1802970916032791
          ],
          [
           -0.5212777853012085,
           -0.3727075457572937,
           0.29847192764282227,
           -0.001894816174171865,
           -0.1742103397846222,
           0.00016734311066102237,
           -0.5998836755752563,
           0.3068161904811859,
           -0.2895607650279999,
           0.35865461826324463,
           0.3835022449493408,
           0.2552834451198578,
           0.3104652166366577,
           0.5020376443862915,
           0.13040553033351898,
           0.11378363519906998,
           -0.10512439906597137,
           -0.09601406008005142,
           -0.010244697332382202,
           -0.009402727708220482
          ],
          [
           -0.47579634189605713,
           -0.3997993469238281,
           0.2518436908721924,
           0.0007956087938509881,
           0.25212228298187256,
           0.00043564895167946815,
           0.25115102529525757,
           -0.3726021349430084,
           -0.36837249994277954,
           0.3178243637084961,
           0.28128936886787415,
           -0.36223793029785156,
           -0.2581482529640198,
           0.13040553033351898,
           0.5001983046531677,
           0.4440813958644867,
           0.07912196218967438,
           0.07402070611715317,
           0.1081887036561966,
           0.10307419300079346
          ],
          [
           -0.4171174466609955,
           -0.35456058382987976,
           0.22757534682750702,
           0.0005200278828851879,
           0.2307828962802887,
           0.0005752972792834044,
           0.22404302656650543,
           -0.3280318081378937,
           -0.3317939043045044,
           0.27602317929267883,
           0.24799752235412598,
           -0.3239871859550476,
           -0.2340857982635498,
           0.11378363519906998,
           0.4440813958644867,
           0.39431843161582947,
           0.06968488544225693,
           0.06520235538482666,
           0.09301511943340302,
           0.08870826661586761
          ],
          [
           0.18066397309303284,
           -0.47091439366340637,
           0.26221415400505066,
           0.000637610093690455,
           -0.29805201292037964,
           0.0011441061506047845,
           0.24520540237426758,
           -0.4399332106113434,
           0.26121968030929565,
           0.2866608202457428,
           -0.4665992856025696,
           0.202159121632576,
           -0.22614610195159912,
           -0.10512439906597137,
           0.07912196218967438,
           0.06968488544225693,
           0.40060365200042725,
           0.3685323894023895,
           -0.057542670518159866,
           -0.05090538412332535
          ],
          [
           0.16492845118045807,
           -0.4344276785850525,
           0.24232223629951477,
           0.0008463578997179866,
           -0.2733573019504547,
           0.0007956426707096398,
           0.22555036842823029,
           -0.40500643849372864,
           0.23887355625629425,
           0.2643783688545227,
           -0.4282993674278259,
           0.18527862429618835,
           -0.20857790112495422,
           -0.09601406008005142,
           0.07402070611715317,
           0.06520235538482666,
           0.3685323894023895,
           0.3390323221683502,
           -0.052895981818437576,
           -0.046786170452833176
          ],
          [
           -0.41001448035240173,
           0.2180386781692505,
           -0.470405250787735,
           -0.00008325103408424184,
           -0.1787227988243103,
           0.00040338115650229156,
           0.2280665636062622,
           -0.3206014335155487,
           0.2263852208852768,
           0.27109330892562866,
           0.2676681578159332,
           -0.20626774430274963,
           0.1983150839805603,
           -0.010244697332382202,
           0.1081887036561966,
           0.09301511943340302,
           -0.057542670518159866,
           -0.052895981818437576,
           0.30548787117004395,
           0.2822692394256592
          ],
          [
           -0.3800928592681885,
           0.19705209136009216,
           -0.43159136176109314,
           -0.00016984966350719333,
           -0.1644914746284485,
           0.00048024291754700243,
           0.21330046653747559,
           -0.3000272512435913,
           0.20789586007595062,
           0.2529873549938202,
           0.24650083482265472,
           -0.19181250035762787,
           0.1802970916032791,
           -0.009402727708220482,
           0.10307419300079346,
           0.08870826661586761,
           -0.05090538412332535,
           -0.046786170452833176,
           0.2822692394256592,
           0.26084333658218384
          ]
         ]
        }
       ],
       "layout": {
        "coloraxis": {
         "cmax": 1,
         "cmin": -1,
         "colorscale": [
          [
           0,
           "rgb(5,48,97)"
          ],
          [
           0.1,
           "rgb(33,102,172)"
          ],
          [
           0.2,
           "rgb(67,147,195)"
          ],
          [
           0.3,
           "rgb(146,197,222)"
          ],
          [
           0.4,
           "rgb(209,229,240)"
          ],
          [
           0.5,
           "rgb(247,247,247)"
          ],
          [
           0.6,
           "rgb(253,219,199)"
          ],
          [
           0.7,
           "rgb(244,165,130)"
          ],
          [
           0.8,
           "rgb(214,96,77)"
          ],
          [
           0.9,
           "rgb(178,24,43)"
          ],
          [
           1,
           "rgb(103,0,31)"
          ]
         ]
        },
        "margin": {
         "t": 60
        },
        "template": {
         "data": {
          "bar": [
           {
            "error_x": {
             "color": "#2a3f5f"
            },
            "error_y": {
             "color": "#2a3f5f"
            },
            "marker": {
             "line": {
              "color": "#E5ECF6",
              "width": 0.5
             },
             "pattern": {
              "fillmode": "overlay",
              "size": 10,
              "solidity": 0.2
             }
            },
            "type": "bar"
           }
          ],
          "barpolar": [
           {
            "marker": {
             "line": {
              "color": "#E5ECF6",
              "width": 0.5
             },
             "pattern": {
              "fillmode": "overlay",
              "size": 10,
              "solidity": 0.2
             }
            },
            "type": "barpolar"
           }
          ],
          "carpet": [
           {
            "aaxis": {
             "endlinecolor": "#2a3f5f",
             "gridcolor": "white",
             "linecolor": "white",
             "minorgridcolor": "white",
             "startlinecolor": "#2a3f5f"
            },
            "baxis": {
             "endlinecolor": "#2a3f5f",
             "gridcolor": "white",
             "linecolor": "white",
             "minorgridcolor": "white",
             "startlinecolor": "#2a3f5f"
            },
            "type": "carpet"
           }
          ],
          "choropleth": [
           {
            "colorbar": {
             "outlinewidth": 0,
             "ticks": ""
            },
            "type": "choropleth"
           }
          ],
          "contour": [
           {
            "colorbar": {
             "outlinewidth": 0,
             "ticks": ""
            },
            "colorscale": [
             [
              0,
              "#0d0887"
             ],
             [
              0.1111111111111111,
              "#46039f"
             ],
             [
              0.2222222222222222,
              "#7201a8"
             ],
             [
              0.3333333333333333,
              "#9c179e"
             ],
             [
              0.4444444444444444,
              "#bd3786"
             ],
             [
              0.5555555555555556,
              "#d8576b"
             ],
             [
              0.6666666666666666,
              "#ed7953"
             ],
             [
              0.7777777777777778,
              "#fb9f3a"
             ],
             [
              0.8888888888888888,
              "#fdca26"
             ],
             [
              1,
              "#f0f921"
             ]
            ],
            "type": "contour"
           }
          ],
          "contourcarpet": [
           {
            "colorbar": {
             "outlinewidth": 0,
             "ticks": ""
            },
            "type": "contourcarpet"
           }
          ],
          "heatmap": [
           {
            "colorbar": {
             "outlinewidth": 0,
             "ticks": ""
            },
            "colorscale": [
             [
              0,
              "#0d0887"
             ],
             [
              0.1111111111111111,
              "#46039f"
             ],
             [
              0.2222222222222222,
              "#7201a8"
             ],
             [
              0.3333333333333333,
              "#9c179e"
             ],
             [
              0.4444444444444444,
              "#bd3786"
             ],
             [
              0.5555555555555556,
              "#d8576b"
             ],
             [
              0.6666666666666666,
              "#ed7953"
             ],
             [
              0.7777777777777778,
              "#fb9f3a"
             ],
             [
              0.8888888888888888,
              "#fdca26"
             ],
             [
              1,
              "#f0f921"
             ]
            ],
            "type": "heatmap"
           }
          ],
          "heatmapgl": [
           {
            "colorbar": {
             "outlinewidth": 0,
             "ticks": ""
            },
            "colorscale": [
             [
              0,
              "#0d0887"
             ],
             [
              0.1111111111111111,
              "#46039f"
             ],
             [
              0.2222222222222222,
              "#7201a8"
             ],
             [
              0.3333333333333333,
              "#9c179e"
             ],
             [
              0.4444444444444444,
              "#bd3786"
             ],
             [
              0.5555555555555556,
              "#d8576b"
             ],
             [
              0.6666666666666666,
              "#ed7953"
             ],
             [
              0.7777777777777778,
              "#fb9f3a"
             ],
             [
              0.8888888888888888,
              "#fdca26"
             ],
             [
              1,
              "#f0f921"
             ]
            ],
            "type": "heatmapgl"
           }
          ],
          "histogram": [
           {
            "marker": {
             "pattern": {
              "fillmode": "overlay",
              "size": 10,
              "solidity": 0.2
             }
            },
            "type": "histogram"
           }
          ],
          "histogram2d": [
           {
            "colorbar": {
             "outlinewidth": 0,
             "ticks": ""
            },
            "colorscale": [
             [
              0,
              "#0d0887"
             ],
             [
              0.1111111111111111,
              "#46039f"
             ],
             [
              0.2222222222222222,
              "#7201a8"
             ],
             [
              0.3333333333333333,
              "#9c179e"
             ],
             [
              0.4444444444444444,
              "#bd3786"
             ],
             [
              0.5555555555555556,
              "#d8576b"
             ],
             [
              0.6666666666666666,
              "#ed7953"
             ],
             [
              0.7777777777777778,
              "#fb9f3a"
             ],
             [
              0.8888888888888888,
              "#fdca26"
             ],
             [
              1,
              "#f0f921"
             ]
            ],
            "type": "histogram2d"
           }
          ],
          "histogram2dcontour": [
           {
            "colorbar": {
             "outlinewidth": 0,
             "ticks": ""
            },
            "colorscale": [
             [
              0,
              "#0d0887"
             ],
             [
              0.1111111111111111,
              "#46039f"
             ],
             [
              0.2222222222222222,
              "#7201a8"
             ],
             [
              0.3333333333333333,
              "#9c179e"
             ],
             [
              0.4444444444444444,
              "#bd3786"
             ],
             [
              0.5555555555555556,
              "#d8576b"
             ],
             [
              0.6666666666666666,
              "#ed7953"
             ],
             [
              0.7777777777777778,
              "#fb9f3a"
             ],
             [
              0.8888888888888888,
              "#fdca26"
             ],
             [
              1,
              "#f0f921"
             ]
            ],
            "type": "histogram2dcontour"
           }
          ],
          "mesh3d": [
           {
            "colorbar": {
             "outlinewidth": 0,
             "ticks": ""
            },
            "type": "mesh3d"
           }
          ],
          "parcoords": [
           {
            "line": {
             "colorbar": {
              "outlinewidth": 0,
              "ticks": ""
             }
            },
            "type": "parcoords"
           }
          ],
          "pie": [
           {
            "automargin": true,
            "type": "pie"
           }
          ],
          "scatter": [
           {
            "fillpattern": {
             "fillmode": "overlay",
             "size": 10,
             "solidity": 0.2
            },
            "type": "scatter"
           }
          ],
          "scatter3d": [
           {
            "line": {
             "colorbar": {
              "outlinewidth": 0,
              "ticks": ""
             }
            },
            "marker": {
             "colorbar": {
              "outlinewidth": 0,
              "ticks": ""
             }
            },
            "type": "scatter3d"
           }
          ],
          "scattercarpet": [
           {
            "marker": {
             "colorbar": {
              "outlinewidth": 0,
              "ticks": ""
             }
            },
            "type": "scattercarpet"
           }
          ],
          "scattergeo": [
           {
            "marker": {
             "colorbar": {
              "outlinewidth": 0,
              "ticks": ""
             }
            },
            "type": "scattergeo"
           }
          ],
          "scattergl": [
           {
            "marker": {
             "colorbar": {
              "outlinewidth": 0,
              "ticks": ""
             }
            },
            "type": "scattergl"
           }
          ],
          "scattermapbox": [
           {
            "marker": {
             "colorbar": {
              "outlinewidth": 0,
              "ticks": ""
             }
            },
            "type": "scattermapbox"
           }
          ],
          "scatterpolar": [
           {
            "marker": {
             "colorbar": {
              "outlinewidth": 0,
              "ticks": ""
             }
            },
            "type": "scatterpolar"
           }
          ],
          "scatterpolargl": [
           {
            "marker": {
             "colorbar": {
              "outlinewidth": 0,
              "ticks": ""
             }
            },
            "type": "scatterpolargl"
           }
          ],
          "scatterternary": [
           {
            "marker": {
             "colorbar": {
              "outlinewidth": 0,
              "ticks": ""
             }
            },
            "type": "scatterternary"
           }
          ],
          "surface": [
           {
            "colorbar": {
             "outlinewidth": 0,
             "ticks": ""
            },
            "colorscale": [
             [
              0,
              "#0d0887"
             ],
             [
              0.1111111111111111,
              "#46039f"
             ],
             [
              0.2222222222222222,
              "#7201a8"
             ],
             [
              0.3333333333333333,
              "#9c179e"
             ],
             [
              0.4444444444444444,
              "#bd3786"
             ],
             [
              0.5555555555555556,
              "#d8576b"
             ],
             [
              0.6666666666666666,
              "#ed7953"
             ],
             [
              0.7777777777777778,
              "#fb9f3a"
             ],
             [
              0.8888888888888888,
              "#fdca26"
             ],
             [
              1,
              "#f0f921"
             ]
            ],
            "type": "surface"
           }
          ],
          "table": [
           {
            "cells": {
             "fill": {
              "color": "#EBF0F8"
             },
             "line": {
              "color": "white"
             }
            },
            "header": {
             "fill": {
              "color": "#C8D4E3"
             },
             "line": {
              "color": "white"
             }
            },
            "type": "table"
           }
          ]
         },
         "layout": {
          "annotationdefaults": {
           "arrowcolor": "#2a3f5f",
           "arrowhead": 0,
           "arrowwidth": 1
          },
          "autotypenumbers": "strict",
          "coloraxis": {
           "colorbar": {
            "outlinewidth": 0,
            "ticks": ""
           }
          },
          "colorscale": {
           "diverging": [
            [
             0,
             "#8e0152"
            ],
            [
             0.1,
             "#c51b7d"
            ],
            [
             0.2,
             "#de77ae"
            ],
            [
             0.3,
             "#f1b6da"
            ],
            [
             0.4,
             "#fde0ef"
            ],
            [
             0.5,
             "#f7f7f7"
            ],
            [
             0.6,
             "#e6f5d0"
            ],
            [
             0.7,
             "#b8e186"
            ],
            [
             0.8,
             "#7fbc41"
            ],
            [
             0.9,
             "#4d9221"
            ],
            [
             1,
             "#276419"
            ]
           ],
           "sequential": [
            [
             0,
             "#0d0887"
            ],
            [
             0.1111111111111111,
             "#46039f"
            ],
            [
             0.2222222222222222,
             "#7201a8"
            ],
            [
             0.3333333333333333,
             "#9c179e"
            ],
            [
             0.4444444444444444,
             "#bd3786"
            ],
            [
             0.5555555555555556,
             "#d8576b"
            ],
            [
             0.6666666666666666,
             "#ed7953"
            ],
            [
             0.7777777777777778,
             "#fb9f3a"
            ],
            [
             0.8888888888888888,
             "#fdca26"
            ],
            [
             1,
             "#f0f921"
            ]
           ],
           "sequentialminus": [
            [
             0,
             "#0d0887"
            ],
            [
             0.1111111111111111,
             "#46039f"
            ],
            [
             0.2222222222222222,
             "#7201a8"
            ],
            [
             0.3333333333333333,
             "#9c179e"
            ],
            [
             0.4444444444444444,
             "#bd3786"
            ],
            [
             0.5555555555555556,
             "#d8576b"
            ],
            [
             0.6666666666666666,
             "#ed7953"
            ],
            [
             0.7777777777777778,
             "#fb9f3a"
            ],
            [
             0.8888888888888888,
             "#fdca26"
            ],
            [
             1,
             "#f0f921"
            ]
           ]
          },
          "colorway": [
           "#636efa",
           "#EF553B",
           "#00cc96",
           "#ab63fa",
           "#FFA15A",
           "#19d3f3",
           "#FF6692",
           "#B6E880",
           "#FF97FF",
           "#FECB52"
          ],
          "font": {
           "color": "#2a3f5f"
          },
          "geo": {
           "bgcolor": "white",
           "lakecolor": "white",
           "landcolor": "#E5ECF6",
           "showlakes": true,
           "showland": true,
           "subunitcolor": "white"
          },
          "hoverlabel": {
           "align": "left"
          },
          "hovermode": "closest",
          "mapbox": {
           "style": "light"
          },
          "paper_bgcolor": "white",
          "plot_bgcolor": "#E5ECF6",
          "polar": {
           "angularaxis": {
            "gridcolor": "white",
            "linecolor": "white",
            "ticks": ""
           },
           "bgcolor": "#E5ECF6",
           "radialaxis": {
            "gridcolor": "white",
            "linecolor": "white",
            "ticks": ""
           }
          },
          "scene": {
           "xaxis": {
            "backgroundcolor": "#E5ECF6",
            "gridcolor": "white",
            "gridwidth": 2,
            "linecolor": "white",
            "showbackground": true,
            "ticks": "",
